1.000000000000000000e+00 1.072440000000000073e-08 2.892616023643152478e+27
1.215474250076286511e+00 1.303523204751812657e-08 2.977448750252141693e+27
1.477377652598511171e+00 1.584398889752747532e-08 3.059199673115267207e+27
1.795714494371639880e+00 1.925796052343921659e-08 3.135790638628132444e+27
2.182644728397487022e+00 2.340755512522601332e-08 3.201805292957226671e+27
2.652948464431895914e+00 2.845128051195342445e-08 3.244317825575974565e+27
3.224590545296394772e+00 3.458179884397666050e-08 3.247904955835970336e+27
3.919406774847219221e+00 4.203328601617151507e-08 3.204907993878929825e+27
4.763938010401340684e+00 5.109037679874814211e-08 3.118916748034786157e+27
5.790443980602486107e+00 6.209903742557331541e-08 2.999980958732569904e+27
7.038135554931554516e+00 7.547978094530798050e-08 2.861237825338954327e+27
8.554672535565680747e+00 9.174373014042059669e-08 2.710573987004273733e+27
1.039798418481490039e+01 1.115121415916289372e-07 2.554020982404535266e+27
1.263848202934297760e+01 1.355401366754858510e-07 2.399153698335577889e+27
1.536174946671827968e+01 1.647455459808735519e-07 2.256409073765764536e+27
1.867181091291919515e+01 2.002439689545106213e-07 2.136395760420827773e+27
2.269510536694668446e+01 2.433913879972830525e-07 2.045921676043512335e+27
2.758531617629182620e+01 2.958359648010240810e-07 1.986448850708848814e+27
3.352924149249556507e+01 3.595809974621194820e-07 1.955085973614478039e+27
4.075392965871775885e+01 4.370614432319527902e-07 1.947082960443786960e+27
4.953535208959169722e+01 5.312369299496173339e-07 1.957802817501487200e+27
6.020894493336128761e+01 6.457048090433399157e-07 1.983599744608251428e+27
7.318242219076174138e+01 7.848375685426052804e-07 2.021933177355054213e+27
8.895134973108231691e+01 9.539498550560193635e-07 2.071199931510667577e+27
1.081180751076607720e+02 1.159501484684597184e-06 2.130490548119068090e+27
1.314147362611755341e+02 1.409344197559350830e-06 2.199449801525974906e+27
1.597312280060253897e+02 1.713021581627818902e-06 2.278241043738322907e+27
1.941491945743881615e+02 2.082133622293569053e-06 2.367575399746030096e+27
2.359833466782193625e+02 2.530779803115896217e-06 2.468646193808874261e+27
2.868316813342008800e+02 3.076097683300504667e-06 2.582767626862848505e+27
3.486365227678084011e+02 3.738917524771084522e-06 2.710908476485123895e+27
4.237587160604063570e+02 4.544557974518222262e-06 2.853849569505701915e+27
5.150678076168121606e+02 5.523793196005741023e-06 3.012889466097002201e+27
6.260516572014814756e+02 6.714028392491568032e-06 3.189885606206859955e+27
7.609496685459876062e+02 8.160728625354590472e-06 3.386983705729354934e+27
9.249147277217334704e+02 9.919155505978959701e-06 3.606635096930671826e+27
1.124210035062086263e+03 1.205647810001983779e-05 3.851639945289981655e+27
1.366448349295324306e+03 1.465433867718277705e-05 4.125233879167980712e+27
1.660882782627714960e+03 1.781197131401266972e-05 4.431194259757556662e+27
2.018760254679038781e+03 2.164999247527988610e-05 4.773844266918431955e+27
2.453751106639816953e+03 2.631500836804806013e-05 5.158212071728370886e+27
2.982471286216888075e+03 3.198521506190439432e-05 5.590229688273667707e+27
3.625117049988531562e+03 3.887720529089701440e-05 6.076678864071324934e+27
4.406236427773573268e+03 4.725424194601491809e-05 6.625169364523016080e+27
5.355666917706896129e+03 5.743631429225584618e-05 7.243790007465906229e+27
6.509675230458164151e+03 6.981236104152554892e-05 7.940299774595063954e+27
7.912342618981318992e+03 8.485512718300325104e-05 8.721493704089437283e+27
9.617248711152964461e+03 1.031392220778888506e-04 9.593621887286549171e+27
1.168951816498577682e+04 1.253630686085734655e-04 1.056346075617714994e+28
1.420830832533920875e+04 1.523755818042678528e-04 1.163865706553417655e+28
1.726983290659432532e+04 1.852085960234802105e-04 1.282782436274265255e+28
2.099103720108554626e+04 2.251162793593218666e-04 1.414138151747658935e+28
2.551406520031287437e+04 2.736230408342354265e-04 1.559138873027687204e+28
3.101168926574775469e+04 3.325817603615852515e-04 1.719074605828904213e+28
3.769390975388363586e+04 4.042445657645496850e-04 1.895377678658632526e+28
4.581597669054490689e+04 4.913488604200798695e-04 2.089600028333483531e+28
5.568813990945267142e+04 5.972218876449343281e-04 2.303440488965349785e+28
6.768750009458528075e+04 7.259078260143704293e-04 2.538719135340436351e+28
8.227241341700457269e+04 8.823222704493237974e-04 2.797383210185858053e+28
1.000000000000000000e+05 1.072440000000000025e-03 3.081491492141712006e+28
